0 10388 5996 0 0 16384 1.000000 0.000000 1.000000
1 10388 5996 0 0 16384 1.000000 0.000000 1.000000
2 10388 5996 0 0 16384 1.000000 0.000000 1.000000
3 10388 5996 0 0 16384 1.000000 0.000000 1.000000
4 10388 5996 0 0 16384 1.000000 0.000000 1.000000
5 10388 5996 0 0 16384 1.000000 0.000000 1.000000
6 10388 5996 0 0 16384 1.000000 0.000000 1.000000
7 10388 5996 0 0 16384 1.000000 0.000000 1.000000
8 10388 5995 1 0 16384 1.000000 0.000167 0.999833
9 10388 5990 6 0 16384 1.000000 0.001001 0.998999
10 10388 5982 14 0 16384 1.000000 0.002335 0.997665
11 10388 5975 21 0 16384 1.000000 0.003502 0.996498
12 10387 5968 28 1 16384 0.999904 0.004670 0.995330
13 10386 5960 36 2 16384 0.999807 0.006004 0.993996
14 10386 5948 48 2 16384 0.999807 0.008005 0.991995
15 10386 5934 62 2 16384 0.999807 0.010340 0.989660
16 10386 5912 84 2 16384 0.999807 0.014009 0.985991
17 10386 5895 101 2 16384 0.999807 0.016845 0.983155
18 10386 5873 123 2 16384 0.999807 0.020514 0.979486
19 10385 5843 153 3 16384 0.999711 0.025517 0.974483
20 10385 5817 179 3 16384 0.999711 0.029853 0.970147
21 10383 5788 208 5 16384 0.999519 0.034690 0.965310
22 10382 5739 257 6 16384 0.999422 0.042862 0.957138
23 10382 5693 303 6 16384 0.999422 0.050534 0.949466
24 10379 5648 348 9 16384 0.999134 0.058039 0.941961
25 10378 5597 399 10 16384 0.999037 0.066544 0.933456
26 10377 5539 457 11 16384 0.998941 0.076217 0.923783
27 10376 5485 511 12 16384 0.998845 0.085223 0.914777
28 10375 5420 576 13 16384 0.998749 0.096064 0.903936
29 10373 5353 643 15 16384 0.998556 0.107238 0.892762
30 10370 5284 712 18 16384 0.998267 0.118746 0.881254
31 10370 5217 779 18 16384 0.998267 0.129920 0.870080
32 10369 5144 852 19 16384 0.998171 0.142095 0.857905
33 10368 5074 922 20 16384 0.998075 0.153769 0.846231
34 10364 4989 1007 24 16384 0.997690 0.167945 0.832055
35 10361 4920 1076 27 16384 0.997401 0.179453 0.820547
36 10360 4857 1139 28 16384 0.997305 0.189960 0.810040
37 10357 4789 1207 31 16384 0.997016 0.201301 0.798699
38 10354 4707 1289 34 16384 0.996727 0.214977 0.785023
39 10349 4633 1363 39 16384 0.996246 0.227318 0.772682
40 10340 4524 1472 48 16384 0.995379 0.245497 0.754503
41 10339 4435 1561 49 16384 0.995283 0.260340 0.739660
42 10333 4328 1668 55 16384 0.994705 0.278185 0.721815
43 10329 4251 1745 59 16384 0.994320 0.291027 0.708973
44 10325 4167 1829 63 16384 0.993935 0.305037 0.694963
45 10320 4066 1930 68 16384 0.993454 0.321881 0.678119
46 10311 3980 2016 77 16384 0.992588 0.336224 0.663776
47 10300 3897 2099 88 16384 0.991529 0.350067 0.649933
48 10290 3809 2187 98 16384 0.990566 0.364743 0.635257
49 10280 3731 2265 108 16384 0.989603 0.377752 0.622248
50 10274 3650 2346 114 16384 0.989026 0.391261 0.608739
51 10262 3579 2417 126 16384 0.987871 0.403102 0.596898
52 10252 3490 2506 136 16384 0.986908 0.417945 0.582055
53 10234 3407 2589 154 16384 0.985175 0.431788 0.568212
54 10224 3330 2666 164 16384 0.984213 0.444630 0.555370
55 10201 3263 2733 187 16384 0.981998 0.455804 0.544196
56 10191 3187 2809 197 16384 0.981036 0.468479 0.531521
57 10177 3125 2871 211 16384 0.979688 0.478819 0.521181
58 10160 3070 2926 228 16384 0.978052 0.487992 0.512008
59 10141 3014 2982 247 16384 0.976223 0.497332 0.502668
60 10124 2961 3035 264 16384 0.974586 0.506171 0.493829
61 10102 2918 3078 286 16384 0.972468 0.513342 0.486658
62 10085 2867 3129 303 16384 0.970832 0.521848 0.478152
63 10055 2829 3167 333 16384 0.967944 0.528185 0.471815
64 10030 2784 3212 358 16384 0.965537 0.535690 0.464310
65 10006 2740 3256 382 16384 0.963227 0.543029 0.456971
66 9990 2698 3298 398 16384 0.961687 0.550033 0.449967
67 9969 2652 3344 419 16384 0.959665 0.557705 0.442295
68 9949 2617 3379 439 16384 0.957740 0.563542 0.436458
69 9932 2572 3424 456 16384 0.956103 0.571047 0.428953
70 9911 2527 3469 477 16384 0.954082 0.578552 0.421448
71 9891 2482 3514 497 16384 0.952156 0.586057 0.413943
72 9862 2438 3558 526 16384 0.949365 0.593396 0.406604
73 9842 2390 3606 546 16384 0.947439 0.601401 0.398599
74 9819 2340 3656 569 16384 0.945225 0.609740 0.390260
75 9790 2304 3692 598 16384 0.942434 0.615744 0.384256
76 9765 2257 3739 623 16384 0.940027 0.623582 0.376418
77 9737 2206 3790 651 16384 0.937332 0.632088 0.367912
78 9709 2164 3832 679 16384 0.934636 0.639093 0.360907
79 9670 2120 3876 718 16384 0.930882 0.646431 0.353569
80 9619 2079 3917 769 16384 0.925972 0.653269 0.346731
81 9575 2054 3942 813 16384 0.921737 0.657438 0.342562
82 9541 2017 3979 847 16384 0.918464 0.663609 0.336391
83 9499 1983 4013 889 16384 0.914420 0.669280 0.330720
84 9458 1941 4055 930 16384 0.910474 0.676284 0.323716
85 9419 1896 4100 969 16384 0.906719 0.683789 0.316211
86 9389 1856 4140 999 16384 0.903831 0.690460 0.309540
87 9345 1814 4182 1043 16384 0.899596 0.697465 0.302535
88 9307 1778 4218 1081 16384 0.895938 0.703469 0.296531
89 9260 1728 4268 1128 16384 0.891413 0.711808 0.288192
90 9224 1680 4316 1164 16384 0.887948 0.719813 0.280187
91 9188 1640 4356 1200 16384 0.884482 0.726484 0.273516
92 9153 1597 4399 1235 16384 0.881113 0.733656 0.266344
93 9111 1560 4436 1277 16384 0.877070 0.739827 0.260173
94 9080 1524 4472 1308 16384 0.874085 0.745831 0.254169
95 9043 1489 4507 1345 16384 0.870524 0.751668 0.248332
96 8998 1462 4534 1390 16384 0.866192 0.756171 0.243829
97 8951 1420 4576 1437 16384 0.861667 0.763175 0.236825
98 8913 1389 4607 1475 16384 0.858009 0.768346 0.231654
99 8863 1357 4639 1525 16384 0.853196 0.773682 0.226318
100 8824 1327 4669 1564 16384 0.849442 0.778686 0.221314
101 8774 1300 4696 1614 16384 0.844628 0.783189 0.216811
102 8722 1285 4711 1666 16384 0.839623 0.785690 0.214310
103 8685 1256 4740 1703 16384 0.836061 0.790527 0.209473
104 8636 1216 4780 1752 16384 0.831344 0.797198 0.202802
105 8585 1186 4810 1803 16384 0.826434 0.802201 0.197799
106 8545 1167 4829 1843 16384 0.822584 0.805370 0.194630
107 8495 1140 4856 1893 16384 0.817770 0.809873 0.190127
108 8445 1114 4882 1943 16384 0.812957 0.814209 0.185791
109 8386 1089 4907 2002 16384 0.807278 0.818379 0.181621
110 8332 1069 4927 2056 16384 0.802079 0.821714 0.178286
111 8278 1044 4952 2110 16384 0.796881 0.825884 0.174116
112 8244 1017 4979 2144 16384 0.793608 0.830387 0.169613
113 8190 1001 4995 2198 16384 0.788410 0.833055 0.166945
114 8133 977 5019 2255 16384 0.782923 0.837058 0.162942
115 8081 960 5036 2307 16384 0.777917 0.839893 0.160107
116 8033 942 5054 2355 16384 0.773296 0.842895 0.157105
117 7967 929 5067 2421 16384 0.766943 0.845063 0.154937
118 7907 913 5083 2481 16384 0.761167 0.847732 0.152268
119 7851 894 5102 2537 16384 0.755776 0.850901 0.149099
120 7796 868 5128 2592 16384 0.750481 0.855237 0.144763
121 7738 850 5146 2650 16384 0.744898 0.858239 0.141761
122 7677 828 5168 2711 16384 0.739026 0.861908 0.138092
123 7624 809 5187 2764 16384 0.733924 0.865077 0.134923
124 7563 790 5206 2825 16384 0.728052 0.868245 0.131755
125 7500 766 5230 2888 16384 0.721987 0.872248 0.127752
126 7434 754 5242 2954 16384 0.715633 0.874250 0.125750
127 7352 742 5254 3036 16384 0.707740 0.876251 0.123749
128 7279 723 5273 3109 16384 0.700712 0.879420 0.120580
129 7218 714 5282 3170 16384 0.694840 0.880921 0.119079
130 7149 692 5304 3239 16384 0.688198 0.884590 0.115410
131 7083 676 5320 3305 16384 0.681844 0.887258 0.112742
132 7004 663 5333 3384 16384 0.674240 0.889426 0.110574
133 6932 652 5344 3456 16384 0.667308 0.891261 0.108739
134 6872 638 5358 3516 16384 0.661533 0.893596 0.106404
135 6809 619 5377 3579 16384 0.655468 0.896765 0.103235
136 6743 607 5389 3645 16384 0.649114 0.898766 0.101234
137 6666 590 5406 3722 16384 0.641702 0.901601 0.098399
138 6598 576 5420 3790 16384 0.635156 0.903936 0.096064
139 6508 564 5432 3880 16384 0.626492 0.905937 0.094063
140 6448 546 5450 3940 16384 0.620716 0.908939 0.091061
141 6379 532 5464 4009 16384 0.614074 0.911274 0.088726
142 6306 516 5480 4082 16384 0.607047 0.913943 0.086057
143 6229 499 5497 4159 16384 0.599634 0.916778 0.083222
144 6153 481 5515 4235 16384 0.592318 0.919780 0.080220
145 6086 466 5530 4302 16384 0.585868 0.922282 0.077718
146 6013 456 5540 4375 16384 0.578841 0.923949 0.076051
147 5927 445 5551 4461 16384 0.570562 0.925784 0.074216
148 5851 430 5566 4537 16384 0.563246 0.928286 0.071714
149 5772 417 5579 4616 16384 0.555641 0.930454 0.069546
150 5676 402 5594 4712 16384 0.546400 0.932955 0.067045
151 5598 388 5608 4790 16384 0.538891 0.935290 0.064710
152 5511 369 5627 4877 16384 0.530516 0.938459 0.061541
153 5428 358 5638 4960 16384 0.522526 0.940294 0.059706
154 5332 342 5654 5056 16384 0.513285 0.942962 0.057038
155 5238 321 5675 5150 16384 0.504236 0.946464 0.053536
156 5153 306 5690 5235 16384 0.496053 0.948966 0.051034
157 5058 294 5702 5330 16384 0.486908 0.950967 0.049033
158 4975 288 5708 5413 16384 0.478918 0.951968 0.048032
159 4899 272 5724 5489 16384 0.471602 0.954636 0.045364
160 4813 252 5744 5575 16384 0.463323 0.957972 0.042028
161 4713 243 5753 5675 16384 0.453697 0.959473 0.040527
162 4623 235 5761 5765 16384 0.445033 0.960807 0.039193
163 4547 216 5780 5841 16384 0.437717 0.963976 0.036024
164 4460 206 5790 5928 16384 0.429342 0.965644 0.034356
165 4373 194 5802 6015 16384 0.420967 0.967645 0.032355
166 4279 185 5811 6109 16384 0.411918 0.969146 0.030854
167 4187 169 5827 6201 16384 0.403061 0.971815 0.028185
168 4091 159 5837 6297 16384 0.393820 0.973482 0.026518
169 4018 149 5847 6370 16384 0.386792 0.975150 0.024850
170 3937 142 5854 6451 16384 0.378995 0.976318 0.023682
171 3860 134 5862 6528 16384 0.371583 0.977652 0.022348
172 3780 129 5867 6608 16384 0.363881 0.978486 0.021514
173 3708 119 5877 6680 16384 0.356950 0.980153 0.019847
174 3627 115 5881 6761 16384 0.349153 0.980821 0.019179
175 3544 111 5885 6844 16384 0.341163 0.981488 0.018512
176 3470 109 5887 6918 16384 0.334039 0.981821 0.018179
177 3375 98 5898 7013 16384 0.324894 0.983656 0.016344
178 3302 91 5905 7086 16384 0.317867 0.984823 0.015177
179 3233 80 5916 7155 16384 0.311224 0.986658 0.013342
180 3153 77 5919 7235 16384 0.303523 0.987158 0.012842
181 3080 73 5923 7308 16384 0.296496 0.987825 0.012175
182 2997 69 5927 7391 16384 0.288506 0.988492 0.011508
183 2933 67 5929 7455 16384 0.282345 0.988826 0.011174
184 2863 64 5932 7525 16384 0.275606 0.989326 0.010674
185 2777 60 5936 7611 16384 0.267328 0.989993 0.010007
186 2709 55 5941 7679 16384 0.260782 0.990827 0.009173
187 2630 53 5943 7758 16384 0.253177 0.991161 0.008839
188 2552 51 5945 7836 16384 0.245668 0.991494 0.008506
189 2454 51 5945 7934 16384 0.236234 0.991494 0.008506
190 2350 49 5947 8038 16384 0.226223 0.991828 0.008172
191 2269 46 5950 8119 16384 0.218425 0.992328 0.007672
192 2197 45 5951 8191 16384 0.211494 0.992495 0.007505
193 2112 43 5953 8276 16384 0.203312 0.992829 0.007171
194 2049 35 5961 8339 16384 0.197247 0.994163 0.005837
195 1957 33 5963 8431 16384 0.188390 0.994496 0.005504
196 1882 30 5966 8506 16384 0.181171 0.994997 0.005003
197 1807 30 5966 8581 16384 0.173951 0.994997 0.005003
198 1742 29 5967 8646 16384 0.167693 0.995163 0.004837
199 1675 26 5970 8713 16384 0.161244 0.995664 0.004336
200 1597 24 5972 8791 16384 0.153735 0.995997 0.004003
201 1528 23 5973 8860 16384 0.147093 0.996164 0.003836
202 1458 23 5973 8930 16384 0.140354 0.996164 0.003836
203 1392 19 5977 8996 16384 0.134001 0.996831 0.003169
204 1319 19 5977 9069 16384 0.126973 0.996831 0.003169
205 1246 17 5979 9142 16384 0.119946 0.997165 0.002835
206 1174 17 5979 9214 16384 0.113015 0.997165 0.002835
207 1092 15 5981 9296 16384 0.105121 0.997498 0.002502
208 1021 15 5981 9367 16384 0.098286 0.997498 0.002502
209 973 15 5981 9415 16384 0.093666 0.997498 0.002502
210 906 14 5982 9482 16384 0.087216 0.997665 0.002335
211 849 13 5983 9539 16384 0.081729 0.997832 0.002168
212 795 12 5984 9593 16384 0.076531 0.997999 0.002001
213 743 11 5985 9645 16384 0.071525 0.998165 0.001835
214 691 10 5986 9697 16384 0.066519 0.998332 0.001668
215 642 9 5987 9746 16384 0.061802 0.998499 0.001501
216 593 9 5987 9795 16384 0.057085 0.998499 0.001501
217 558 8 5988 9830 16384 0.053716 0.998666 0.001334
218 502 8 5988 9886 16384 0.048325 0.998666 0.001334
219 460 5 5991 9928 16384 0.044282 0.999166 0.000834
220 431 5 5991 9957 16384 0.041490 0.999166 0.000834
221 390 5 5991 9998 16384 0.037543 0.999166 0.000834
222 356 5 5991 10032 16384 0.034270 0.999166 0.000834
223 316 5 5991 10072 16384 0.030420 0.999166 0.000834
224 276 5 5991 10112 16384 0.026569 0.999166 0.000834
225 254 5 5991 10134 16384 0.024451 0.999166 0.000834
226 221 4 5992 10167 16384 0.021275 0.999333 0.000667
227 198 3 5993 10190 16384 0.019060 0.999500 0.000500
228 180 3 5993 10208 16384 0.017328 0.999500 0.000500
229 164 2 5994 10224 16384 0.015787 0.999666 0.000334
230 144 1 5995 10244 16384 0.013862 0.999833 0.000167
231 125 1 5995 10263 16384 0.012033 0.999833 0.000167
232 108 0 5996 10280 16384 0.010397 1.000000 0.000000
233 84 0 5996 10304 16384 0.008086 1.000000 0.000000
234 74 0 5996 10314 16384 0.007124 1.000000 0.000000
235 64 0 5996 10324 16384 0.006161 1.000000 0.000000
236 46 0 5996 10342 16384 0.004428 1.000000 0.000000
237 36 0 5996 10352 16384 0.003466 1.000000 0.000000
238 28 0 5996 10360 16384 0.002695 1.000000 0.000000
239 20 0 5996 10368 16384 0.001925 1.000000 0.000000
240 14 0 5996 10374 16384 0.001348 1.000000 0.000000
241 12 0 5996 10376 16384 0.001155 1.000000 0.000000
242 7 0 5996 10381 16384 0.000674 1.000000 0.000000
243 3 0 5996 10385 16384 0.000289 1.000000 0.000000
244 2 0 5996 10386 16384 0.000193 1.000000 0.000000
245 2 0 5996 10386 16384 0.000193 1.000000 0.000000
246 2 0 5996 10386 16384 0.000193 1.000000 0.000000
247 0 0 5996 10388 16384 0.000000 1.000000 0.000000
248 0 0 5996 10388 16384 0.000000 1.000000 0.000000
249 0 0 5996 10388 16384 0.000000 1.000000 0.000000
250 0 0 5996 10388 16384 0.000000 1.000000 0.000000
251 0 0 5996 10388 16384 0.000000 1.000000 0.000000
252 0 0 5996 10388 16384 0.000000 1.000000 0.000000
253 0 0 5996 10388 16384 0.000000 1.000000 0.000000
254 0 0 5996 10388 16384 0.000000 1.000000 0.000000
255 0 0 5996 10388 16384 0.000000 1.000000 0.000000
